0.000000 148.000000 -2147483648.000000 463 315 370.000000 0.000000 inf 132.000000
0.100098 148.000000 374.000000 463 315 370.000000 4.444336 0.000000 195.000000
0.200195 148.000000 378.000000 463 315 370.000000 8.888672 0.000000 195.000000
0.300781 147.000000 378.000000 462 315 367.500000 13.324512 -1.988350 195.000000
0.401367 144.000000 371.000000 459 315 360.000000 17.669824 -5.965049 195.000000
0.501465 141.000000 368.000000 456 315 352.500000 21.903955 -5.994146 195.000000
0.604004 134.000000 347.000000 449 315 335.000000 26.026025 -13.653333 195.000000
0.704102 124.000000 319.000000 439 315 310.000000 29.749658 -19.980488 195.000000
0.804199 117.000000 311.000000 432 315 292.500000 33.263086 -13.986341 195.000000
0.904297 102.000000 261.000000 417 315 255.000000 36.326074 -29.970732 195.000000
1.004395 79.000000 190.000000 394 315 197.500000 38.698389 -45.955122 195.000000
1.105469 86.000000 270.000000 401 315 215.000000 41.306104 13.851208 195.000000
1.205566 74.000000 204.000000 389 315 185.000000 43.528271 -23.976585 195.000000
1.305664 63.000000 180.000000 378 315 157.500000 45.420117 -21.978537 195.000000
1.405762 48.000000 136.000000 363 315 120.000000 46.861523 -29.970732 195.000000
1.505859 35.000000 109.000000 350 315 87.500000 47.912549 -25.974634 195.000000
1.606445 23.000000 82.000000 338 315 57.500000 48.606592 -23.860194 195.000000
1.706543 7.000000 34.000000 322 315 17.500000 48.816797 -31.968780 166.000000
1.806641 -7.000000 3.000000 308 315 -17.500000 48.606592 -27.972683 135.000000
1.906738 -20.000000 -27.000000 295 315 -50.000000 48.006006 -25.974634 168.000000
2.006836 -31.000000 -52.000000 284 315 -77.500000 47.075098 -21.978537 143.000000
2.106934 -44.000000 -90.000000 271 315 -110.000000 45.753809 -25.974634 132.000000
2.207520 -53.000000 -106.000000 262 315 -132.500000 44.162256 -17.982439 132.000000
2.307617 -61.000000 -126.000000 254 315 -152.500000 42.330469 -15.984390 132.000000
2.408691 -66.000000 -134.000000 249 315 -165.000000 40.329199 -9.893720 132.000000
2.508789 -71.000000 -149.000000 244 315 -177.500000 38.197119 -9.990244 132.000000
2.609375 -73.000000 -150.000000 242 315 -182.500000 35.994287 -3.976699 132.000000
2.709961 -73.000000 -148.000000 242 315 -182.500000 33.791455 0.000000 132.000000
2.810059 -72.000000 -146.000000 243 315 -180.000000 31.629346 1.998049 132.000000
2.910156 -71.000000 -146.000000 244 315 -177.500000 29.497266 1.998049 132.000000
3.010742 -68.000000 -136.000000 247 315 -170.000000 27.445312 5.965049 132.000000
3.111816 -66.000000 -135.000000 249 315 -165.000000 25.444043 3.957488 132.000000
3.211914 -62.000000 -123.000000 253 315 -155.000000 23.582227 7.992195 132.000000
3.312012 -59.000000 -119.000000 256 315 -147.500000 21.810498 5.994146 132.000000
3.412109 -55.000000 -109.000000 260 315 -137.500000 20.158887 7.992195 132.000000
3.512207 -51.000000 -100.000000 264 315 -127.500000 18.627393 7.992195 132.000000
3.612305 -45.000000 -83.000000 270 315 -112.500000 17.276074 11.988293 132.000000
3.712402 -41.000000 -78.000000 274 315 -102.500000 16.044873 7.992195 132.000000
3.812500 -36.000000 -65.000000 279 315 -90.000000 14.963818 9.990244 132.000000
3.913086 -30.000000 -49.000000 285 315 -75.000000 14.058545 11.930097 146.000000
4.013184 -23.000000 -30.000000 292 315 -57.500000 13.367871 13.986341 165.000000
4.113281 -15.000000 -8.000000 300 315 -37.500000 12.917432 15.984390 187.000000
4.213867 -8.000000 6.000000 307 315 -20.000000 12.676025 13.918447 138.000000
4.313965 -1.000000 24.000000 314 315 -2.500000 12.645996 13.986341 156.000000
4.414062 5.000000 37.000000 320 315 12.500000 12.796143 11.988293 169.000000
4.514160 11.000000 52.000000 326 315 27.500000 13.126465 11.988293 184.000000
4.615234 17.000000 68.000000 332 315 42.500000 13.641943 11.872464 195.000000
4.715820 23.000000 83.000000 338 315 57.500000 14.335986 11.930097 195.000000
4.815918 26.000000 86.000000 341 315 65.000000 15.116748 5.994146 195.000000
4.916992 26.000000 80.000000 341 315 65.000000 15.905127 0.000000 195.000000
5.017090 25.000000 77.000000 340 315 62.500000 16.655859 -1.998049 195.000000
5.118652 22.000000 66.000000 337 315 55.000000 17.326172 -5.907692 195.000000
5.218262 19.000000 59.000000 334 315 47.500000 17.893945 -6.023529 191.000000
5.318359 14.000000 43.000000 329 315 35.000000 18.314355 -9.990244 175.000000
5.418457 8.000000 26.000000 323 315 20.000000 18.554590 -11.988293 158.000000
5.519043 -8.000000 -33.000000 307 315 -20.000000 18.313184 -31.813592 162.000000
5.619141 -2.000000 25.000000 313 315 -5.000000 18.253125 11.988293 157.000000
5.719727 -6.000000 -4.000000 309 315 -15.000000 18.072070 -7.953398 191.000000
5.819824 -10.000000 -15.000000 305 315 -25.000000 17.771777 -7.992195 180.000000
5.919922 -13.000000 -21.000000 302 315 -32.500000 17.381396 -5.994146 174.000000
6.020020 -16.000000 -29.000000 299 315 -40.000000 16.900928 -5.994146 166.000000
6.120117 -20.000000 -41.000000 295 315 -50.000000 16.300342 -7.992195 154.000000
6.220215 -24.000000 -52.000000 291 315 -60.000000 15.579639 -7.992195 143.000000
6.320801 -28.000000 -63.000000 287 315 -70.000000 14.734717 -7.953398 132.000000
6.420898 -29.000000 -60.000000 286 315 -72.500000 13.863867 -1.998049 135.000000
6.520996 -30.000000 -64.000000 285 315 -75.000000 12.962988 -1.998049 132.000000
6.621094 -31.000000 -67.000000 284 315 -77.500000 12.032080 -1.998049 132.000000
6.721191 -29.000000 -57.000000 286 315 -72.500000 11.161230 3.996098 138.000000
6.821289 -27.000000 -53.000000 288 315 -67.500000 10.350439 3.996098 142.000000
6.921387 -25.000000 -48.000000 290 315 -62.500000 9.599707 3.996098 147.000000
7.021484 -23.000000 -44.000000 292 315 -57.500000 8.909033 3.996098 151.000000
7.122070 -18.000000 -26.000000 297 315 -45.000000 8.365869 9.941748 169.000000
7.222168 -15.000000 -23.000000 300 315 -37.500000 7.915430 5.994146 172.000000
7.322266 -10.000000 -7.000000 305 315 -25.000000 7.615137 9.990244 188.000000
7.422363 -8.000000 -8.000000 307 315 -20.000000 7.374902 3.996098 187.000000
7.522461 -7.000000 -8.000000 308 315 -17.500000 7.164697 1.998049 187.000000
7.623047 -7.000000 -10.000000 308 315 -17.500000 6.953467 0.000000 185.000000
7.724121 -8.000000 -15.000000 307 315 -20.000000 6.712061 -1.988350 180.000000
7.824219 -10.000000 -22.000000 305 315 -25.000000 6.411768 -3.996098 173.000000
7.924316 -12.000000 -27.000000 303 315 -30.000000 6.051416 -3.996098 168.000000
8.024414 -14.000000 -33.000000 301 315 -35.000000 5.631006 -3.996098 162.000000
8.125488 -17.000000 -43.000000 298 315 -42.500000 5.115527 -5.936232 152.000000
8.226074 -18.000000 -42.000000 297 315 -45.000000 4.575000 -1.998049 153.000000
8.326172 -19.000000 -45.000000 296 315 -47.500000 4.004443 -1.998049 150.000000
8.426270 -18.000000 -39.000000 297 315 -45.000000 3.463916 1.998049 156.000000
8.525879 -16.000000 -32.000000 299 315 -40.000000 2.985791 4.015686 163.000000
8.625977 -17.000000 -42.000000 298 315 -42.500000 2.475293 -1.998049 153.000000
8.726562 -16.000000 -36.000000 299 315 -40.000000 1.992480 1.988350 159.000000
8.826660 -15.000000 -33.000000 300 315 -37.500000 1.542041 1.998049 162.000000
8.926758 -15.000000 -36.000000 300 315 -37.500000 1.091602 0.000000 159.000000
9.026855 -13.000000 -27.000000 302 315 -32.500000 0.701221 3.996098 168.000000
9.126953 -13.000000 -32.000000 302 315 -32.500000 0.310840 0.000000 163.000000
9.227051 -13.000000 -32.000000 302 315 -32.500000 -0.079541 0.000000 163.000000
9.327148 -13.000000 -32.000000 302 315 -32.500000 -0.469922 0.000000 163.000000
9.427246 -13.000000 -33.000000 302 315 -32.500000 -0.860303 0.000000 162.000000
9.527344 -13.000000 -33.000000 302 315 -32.500000 -1.250684 0.000000 162.000000
9.627930 -13.000000 -34.000000 302 315 -32.500000 -1.642969 0.000000 161.000000
9.728027 -13.000000 -34.000000 302 315 -32.500000 -2.033350 0.000000 161.000000
9.828125 -11.000000 -25.000000 304 315 -27.500000 -2.363672 3.996098 170.000000
9.928223 -11.000000 -30.000000 304 315 -27.500000 -2.693994 0.000000 165.000000
10.029297 -13.000000 -39.000000 302 315 -32.500000 -3.086279 -3.976699 156.000000
10.129395 -13.000000 -35.000000 302 315 -32.500000 -3.476660 0.000000 160.000000
10.229492 -12.000000 -31.000000 303 315 -30.000000 -3.837012 1.998049 164.000000
10.333008 -12.000000 -34.000000 303 315 -30.000000 -4.209668 0.000000 161.000000
10.433594 -12.000000 -34.000000 303 315 -30.000000 -4.571777 0.000000 161.000000
10.533691 -11.000000 -30.000000 304 315 -27.500000 -4.902100 1.998049 165.000000
10.633789 -11.000000 -32.000000 304 315 -27.500000 -5.232422 0.000000 163.000000
10.734863 -11.000000 -33.000000 304 315 -27.500000 -5.565967 0.000000 162.000000
10.834961 -10.000000 -28.000000 305 315 -25.000000 -5.866260 1.998049 167.000000
10.935059 -11.000000 -35.000000 304 315 -27.500000 -6.196582 -1.998049 160.000000
11.035156 -11.000000 -34.000000 304 315 -27.500000 -6.526904 0.000000 161.000000
11.135742 -11.000000 -34.000000 304 315 -27.500000 -6.858838 0.000000 161.000000
11.235840 -11.000000 -34.000000 304 315 -27.500000 -7.189160 0.000000 161.000000
11.335938 -12.000000 -39.000000 303 315 -30.000000 -7.549512 -1.998049 156.000000
11.436523 -11.000000 -33.000000 304 315 -27.500000 -7.881445 1.988350 162.000000
11.536621 -11.000000 -35.000000 304 315 -27.500000 -8.211768 0.000000 160.000000
11.637207 -11.000000 -36.000000 304 315 -27.500000 -8.543701 0.000000 159.000000
11.737793 -11.000000 -36.000000 304 315 -27.500000 -8.875635 0.000000 159.000000
11.837891 -11.000000 -36.000000 304 315 -27.500000 -9.205957 0.000000 159.000000
11.937988 -11.000000 -37.000000 304 315 -27.500000 -9.536279 0.000000 158.000000
12.038086 -11.000000 -37.000000 304 315 -27.500000 -9.866602 0.000000 158.000000
12.139160 -11.000000 -37.000000 304 315 -27.500000 -10.200146 0.000000 158.000000
12.239258 -11.000000 -38.000000 304 315 -27.500000 -10.530469 0.000000 157.000000
12.339844 -11.000000 -38.000000 304 315 -27.500000 -10.862402 0.000000 157.000000
12.440918 -10.000000 -34.000000 305 315 -25.000000 -11.165625 1.978744 161.000000
12.541016 -11.000000 -40.000000 304 315 -27.500000 -11.495947 -1.998049 155.000000
12.641113 -11.000000 -39.000000 304 315 -27.500000 -11.826270 0.000000 156.000000
12.741211 -11.000000 -39.000000 304 315 -27.500000 -12.156592 0.000000 156.000000
12.841309 -10.000000 -35.000000 305 315 -25.000000 -12.456885 1.998049 160.000000
12.941406 -10.000000 -37.000000 305 315 -25.000000 -12.757178 0.000000 158.000000
13.041992 -9.000000 -33.000000 306 315 -22.500000 -13.028760 1.988350 162.000000
13.142578 -7.000000 -26.000000 308 315 -17.500000 -13.239990 3.976699 169.000000
13.242676 -6.000000 -26.000000 309 315 -15.000000 -13.420166 1.998049 169.000000
13.342773 -6.000000 -28.000000 309 315 -15.000000 -13.600342 0.000000 167.000000
13.443848 -5.000000 -24.000000 310 315 -12.500000 -13.751953 1.978744 171.000000
13.543945 -5.000000 -26.000000 310 315 -12.500000 -13.902100 0.000000 169.000000
13.644043 -4.000000 -22.000000 311 315 -10.000000 -14.022217 1.998049 173.000000
13.744629 -5.000000 -28.000000 310 315 -12.500000 -14.173096 -1.988350 167.000000
13.844727 -5.000000 -26.000000 310 315 -12.500000 -14.323242 0.000000 169.000000
13.944824 -5.000000 -26.000000 310 315 -12.500000 -14.473389 0.000000 169.000000
14.045410 -4.000000 -22.000000 311 315 -10.000000 -14.594092 1.988350 173.000000
14.145508 -4.000000 -24.000000 311 315 -10.000000 -14.714209 0.000000 171.000000
14.246094 -4.000000 -24.000000 311 315 -10.000000 -14.834912 0.000000 171.000000
14.346191 -5.000000 -29.000000 310 315 -12.500000 -14.985059 -1.998049 166.000000
14.446777 -5.000000 -27.000000 310 315 -12.500000 -15.135938 0.000000 168.000000
14.546875 -5.000000 -27.000000 310 315 -12.500000 -15.286084 0.000000 168.000000
14.646973 -5.000000 -27.000000 310 315 -12.500000 -15.436230 0.000000 168.000000
14.747070 -5.000000 -28.000000 310 315 -12.500000 -15.586377 0.000000 167.000000
14.847656 -5.000000 -28.000000 310 315 -12.500000 -15.737256 0.000000 167.000000
14.947754 -5.000000 -28.000000 310 315 -12.500000 -15.887402 0.000000 167.000000
15.047852 -4.000000 -24.000000 311 315 -10.000000 -16.007520 1.998049 171.000000
15.147949 -5.000000 -30.000000 310 315 -12.500000 -16.157666 -1.998049 165.000000
15.248047 -5.000000 -28.000000 310 315 -12.500000 -16.307813 0.000000 167.000000
15.350098 -3.000000 -19.000000 312 315 -7.500000 -16.399658 3.919617 176.000000
15.450195 -4.000000 -28.000000 311 315 -10.000000 -16.519775 -1.998049 167.000000
15.550293 -5.000000 -31.000000 310 315 -12.500000 -16.669922 -1.998049 164.000000
15.650391 -5.000000 -29.000000 310 315 -12.500000 -16.820068 0.000000 166.000000
15.750977 -5.000000 -29.000000 310 315 -12.500000 -16.970947 0.000000 166.000000
15.851074 -5.000000 -29.000000 310 315 -12.500000 -17.121094 0.000000 166.000000
15.951172 -5.000000 -29.000000 310 315 -12.500000 -17.271240 0.000000 166.000000
16.051270 -5.000000 -29.000000 310 315 -12.500000 -17.421387 0.000000 166.000000
16.151367 -4.000000 -25.000000 311 315 -10.000000 -17.541504 1.998049 170.000000
16.251953 -5.000000 -32.000000 310 315 -12.500000 -17.692383 -1.988350 163.000000
16.352051 -5.000000 -30.000000 310 315 -12.500000 -17.842529 0.000000 165.000000
16.452148 -4.000000 -25.000000 311 315 -10.000000 -17.962646 1.998049 170.000000
16.552246 -5.000000 -32.000000 310 315 -12.500000 -18.112793 -1.998049 163.000000
16.652344 -5.000000 -30.000000 310 315 -12.500000 -18.262939 0.000000 165.000000
16.752930 -4.000000 -26.000000 311 315 -10.000000 -18.383643 1.988350 169.000000
16.853027 -5.000000 -33.000000 310 315 -12.500000 -18.533789 -1.998049 162.000000
16.953613 -4.000000 -26.000000 311 315 -10.000000 -18.654492 1.988350 169.000000
17.054199 -5.000000 -33.000000 310 315 -12.500000 -18.805371 -1.988350 162.000000
17.154297 -5.000000 -31.000000 310 315 -12.500000 -18.955518 0.000000 164.000000
17.254883 -5.000000 -31.000000 310 315 -12.500000 -19.106396 0.000000 164.000000
17.355469 -5.000000 -31.000000 310 315 -12.500000 -19.257275 0.000000 164.000000
17.455566 -6.000000 -36.000000 309 315 -15.000000 -19.437451 -1.998049 159.000000
17.555664 -4.000000 -25.000000 311 315 -10.000000 -19.557568 3.996098 170.000000
17.655762 -5.000000 -34.000000 310 315 -12.500000 -19.707715 -1.998049 161.000000
17.755859 -5.000000 -32.000000 310 315 -12.500000 -19.857861 0.000000 163.000000
17.856445 -5.000000 -32.000000 310 315 -12.500000 -20.008740 0.000000 163.000000
17.956543 -4.000000 -28.000000 311 315 -10.000000 -20.128857 1.998049 167.000000
18.057129 -5.000000 -34.000000 310 315 -12.500000 -20.279736 -1.988350 161.000000
18.157227 -5.000000 -32.000000 310 315 -12.500000 -20.429883 0.000000 163.000000
18.257324 -5.000000 -33.000000 310 315 -12.500000 -20.580029 0.000000 162.000000
18.357910 -5.000000 -33.000000 310 315 -12.500000 -20.730908 0.000000 162.000000
18.458008 -5.000000 -33.000000 310 315 -12.500000 -20.881055 0.000000 162.000000
18.558105 -5.000000 -33.000000 310 315 -12.500000 -21.031201 0.000000 162.000000
18.658203 -5.000000 -33.000000 310 315 -12.500000 -21.181348 0.000000 162.000000
18.758301 -6.000000 -38.000000 309 315 -15.000000 -21.361523 -1.998049 157.000000
18.858398 -5.000000 -32.000000 310 315 -12.500000 -21.511670 1.998049 163.000000
18.958496 -5.000000 -34.000000 310 315 -12.500000 -21.661816 0.000000 161.000000
19.058594 -4.000000 -29.000000 311 315 -10.000000 -21.781934 1.998049 166.000000
19.159668 -4.000000 -31.000000 311 315 -10.000000 -21.903223 0.000000 164.000000
19.259766 -4.000000 -32.000000 311 315 -10.000000 -22.023340 0.000000 163.000000
19.359863 -3.000000 -27.000000 312 315 -7.500000 -22.113428 1.998049 168.000000
19.459961 -5.000000 -38.000000 310 315 -12.500000 -22.263574 -3.996098 157.000000
19.560059 -5.000000 -34.000000 310 315 -12.500000 -22.413721 0.000000 161.000000
19.660156 -4.000000 -30.000000 311 315 -10.000000 -22.533838 1.998049 165.000000
19.760254 -4.000000 -32.000000 311 315 -10.000000 -22.653955 0.000000 163.000000
19.860840 -4.000000 -32.000000 311 315 -10.000000 -22.774658 0.000000 163.000000
19.961426 -4.000000 -32.000000 311 315 -10.000000 -22.895361 0.000000 163.000000
20.061523 -4.000000 -33.000000 311 315 -10.000000 -23.015479 0.000000 162.000000
20.161621 -4.000000 -33.000000 311 315 -10.000000 -23.135596 0.000000 162.000000
20.261719 -4.000000 -33.000000 311 315 -10.000000 -23.255713 0.000000 162.000000
20.362305 -4.000000 -33.000000 311 315 -10.000000 -23.376416 0.000000 162.000000
20.464844 -4.000000 -33.000000 311 315 -10.000000 -23.499463 0.000000 162.000000
20.564941 -4.000000 -33.000000 311 315 -10.000000 -23.619580 0.000000 162.000000
20.665039 -6.000000 -42.000000 309 315 -15.000000 -23.799756 -3.996098 153.000000
20.766113 -4.000000 -29.000000 311 315 -10.000000 -23.921045 3.957488 166.000000
20.866211 -4.000000 -34.000000 311 315 -10.000000 -24.041162 0.000000 161.000000
20.966797 -4.000000 -34.000000 311 315 -10.000000 -24.161865 0.000000 161.000000
21.066895 -5.000000 -38.000000 310 315 -12.500000 -24.312012 -1.998049 157.000000
21.166992 -4.000000 -32.000000 311 315 -10.000000 -24.432129 1.998049 163.000000
21.267090 -4.000000 -34.000000 311 315 -10.000000 -24.552246 0.000000 161.000000
21.367188 -4.000000 -34.000000 311 315 -10.000000 -24.672363 0.000000 161.000000
21.467773 -5.000000 -39.000000 310 315 -12.500000 -24.823242 -1.988350 156.000000
21.568359 -4.000000 -32.000000 311 315 -10.000000 -24.943945 1.988350 163.000000
21.668457 -4.000000 -35.000000 311 315 -10.000000 -25.064062 0.000000 160.000000
21.769043 -4.000000 -35.000000 311 315 -10.000000 -25.184766 0.000000 160.000000
21.869141 -4.000000 -35.000000 311 315 -10.000000 -25.304883 0.000000 160.000000
21.969238 -4.000000 -35.000000 311 315 -10.000000 -25.425000 0.000000 160.000000
22.069336 -4.000000 -35.000000 311 315 -10.000000 -25.545117 0.000000 160.000000
22.169922 -4.000000 -35.000000 311 315 -10.000000 -25.665820 0.000000 160.000000
22.270020 -3.000000 -31.000000 312 315 -7.500000 -25.755908 1.998049 164.000000
22.370117 -3.000000 -33.000000 312 315 -7.500000 -25.845996 0.000000 162.000000
22.470215 -3.000000 -33.000000 312 315 -7.500000 -25.936084 0.000000 162.000000
22.570312 -3.000000 -33.000000 312 315 -7.500000 -26.026172 0.000000 162.000000
22.670410 -3.000000 -33.000000 312 315 -7.500000 -26.116260 0.000000 162.000000
22.770508 -3.000000 -33.000000 312 315 -7.500000 -26.206348 0.000000 162.000000
22.870605 -3.000000 -33.000000 312 315 -7.500000 -26.296436 0.000000 162.000000
22.971191 -3.000000 -33.000000 312 315 -7.500000 -26.386963 0.000000 162.000000
23.071777 -5.000000 -43.000000 310 315 -12.500000 -26.537842 -3.976699 152.000000
23.172363 -3.000000 -30.000000 312 315 -7.500000 -26.628369 3.976699 165.000000
23.272949 -3.000000 -34.000000 312 315 -7.500000 -26.718896 0.000000 161.000000
23.373047 -3.000000 -34.000000 312 315 -7.500000 -26.808984 0.000000 161.000000
23.473633 -3.000000 -34.000000 312 315 -7.500000 -26.899512 0.000000 161.000000
23.573730 -3.000000 -34.000000 312 315 -7.500000 -26.989600 0.000000 161.000000
23.673828 -3.000000 -34.000000 312 315 -7.500000 -27.079687 0.000000 161.000000
23.773926 -3.000000 -34.000000 312 315 -7.500000 -27.169775 0.000000 161.000000
23.874023 -4.000000 -39.000000 311 315 -10.000000 -27.289893 -1.998049 156.000000
23.974121 -3.000000 -32.000000 312 315 -7.500000 -27.379980 1.998049 163.000000
24.074219 -3.000000 -34.000000 312 315 -7.500000 -27.470068 0.000000 161.000000
24.174316 -3.000000 -35.000000 312 315 -7.500000 -27.560156 0.000000 160.000000
24.274414 -2.000000 -30.000000 313 315 -5.000000 -27.620215 1.998049 165.000000
24.374512 -3.000000 -37.000000 312 315 -7.500000 -27.710303 -1.998049 158.000000
24.474609 -2.000000 -30.000000 313 315 -5.000000 -27.770361 1.998049 165.000000
24.574707 -3.000000 -37.000000 312 315 -7.500000 -27.860449 -1.998049 158.000000
24.674805 -3.000000 -35.000000 312 315 -7.500000 -27.950537 0.000000 160.000000
24.775391 -3.000000 -35.000000 312 315 -7.500000 -28.041064 0.000000 160.000000
24.875000 -3.000000 -35.000000 312 315 -7.500000 -28.130713 0.000000 160.000000
24.976074 -2.000000 -31.000000 313 315 -5.000000 -28.191357 1.978744 164.000000
25.076172 -2.000000 -33.000000 313 315 -5.000000 -28.251416 0.000000 162.000000
25.176270 -2.000000 -33.000000 313 315 -5.000000 -28.311475 0.000000 162.000000
25.276855 -2.000000 -33.000000 313 315 -5.000000 -28.371826 0.000000 162.000000
25.376953 -2.000000 -33.000000 313 315 -5.000000 -28.431885 0.000000 162.000000
25.479980 -2.000000 -33.000000 313 315 -5.000000 -28.493701 0.000000 162.000000
25.580078 -1.000000 -29.000000 314 315 -2.500000 -28.523730 1.998049 166.000000
25.681152 -3.000000 -40.000000 312 315 -7.500000 -28.614697 -3.957488 155.000000
25.781250 -2.000000 -31.000000 313 315 -5.000000 -28.674756 1.998049 164.000000
25.881348 -2.000000 -33.000000 313 315 -5.000000 -28.734814 0.000000 162.000000
25.981934 -2.000000 -33.000000 313 315 -5.000000 -28.795166 0.000000 162.000000
26.082031 -2.000000 -33.000000 313 315 -5.000000 -28.855225 0.000000 162.000000
26.182129 -2.000000 -33.000000 313 315 -5.000000 -28.915283 0.000000 162.000000
26.282227 -2.000000 -33.000000 313 315 -5.000000 -28.975342 0.000000 162.000000
26.382324 -2.000000 -34.000000 313 315 -5.000000 -29.035400 0.000000 161.000000
26.482422 -2.000000 -34.000000 313 315 -5.000000 -29.095459 0.000000 161.000000
26.582520 -2.000000 -34.000000 313 315 -5.000000 -29.155518 0.000000 161.000000
26.683105 -2.000000 -34.000000 313 315 -5.000000 -29.215869 0.000000 161.000000
26.783203 -2.000000 -34.000000 313 315 -5.000000 -29.275928 0.000000 161.000000
26.883301 -2.000000 -34.000000 313 315 -5.000000 -29.335986 0.000000 161.000000
26.983398 -2.000000 -34.000000 313 315 -5.000000 -29.396045 0.000000 161.000000
27.083496 -2.000000 -34.000000 313 315 -5.000000 -29.456104 0.000000 161.000000
27.184082 -3.000000 -39.000000 312 315 -7.500000 -29.546631 -1.988350 156.000000
27.284180 -1.000000 -28.000000 314 315 -2.500000 -29.576660 3.996098 167.000000
27.384277 -2.000000 -36.000000 313 315 -5.000000 -29.636719 -1.998049 159.000000
27.484863 -3.000000 -39.000000 312 315 -7.500000 -29.727246 -1.988350 156.000000
27.585449 -2.000000 -32.000000 313 315 -5.000000 -29.787598 1.988350 163.000000
27.686035 -2.000000 -34.000000 313 315 -5.000000 -29.847949 0.000000 161.000000
27.786133 -2.000000 -34.000000 313 315 -5.000000 -29.908008 0.000000 161.000000
27.886230 -1.000000 -30.000000 314 315 -2.500000 -29.938037 1.998049 165.000000
27.986328 -3.000000 -41.000000 312 315 -7.500000 -30.028125 -3.996098 154.000000
28.086914 -2.000000 -33.000000 313 315 -5.000000 -30.088477 1.988350 162.000000
28.187012 -3.000000 -39.000000 312 315 -7.500000 -30.178564 -1.998049 156.000000
28.287109 -2.000000 -33.000000 313 315 -5.000000 -30.238623 1.998049 162.000000
28.387695 -2.000000 -35.000000 313 315 -5.000000 -30.298975 0.000000 160.000000
28.487793 -2.000000 -35.000000 313 315 -5.000000 -30.359033 0.000000 160.000000
28.588867 -2.000000 -35.000000 313 315 -5.000000 -30.419678 0.000000 160.000000
28.689453 -2.000000 -35.000000 313 315 -5.000000 -30.480029 0.000000 160.000000
28.790039 -2.000000 -35.000000 313 315 -5.000000 -30.540381 0.000000 160.000000
28.890137 -2.000000 -35.000000 313 315 -5.000000 -30.600439 0.000000 160.000000
28.990234 -2.000000 -35.000000 313 315 -5.000000 -30.660498 0.000000 160.000000
29.090332 -2.000000 -35.000000 313 315 -5.000000 -30.720557 0.000000 160.000000
29.190430 -2.000000 -35.000000 313 315 -5.000000 -30.780615 0.000000 160.000000
29.290527 -2.000000 -35.000000 313 315 -5.000000 -30.840674 0.000000 160.000000
